Seed: 208
Recompensas: [(Valor: 83, x: 1, y:8), (Valor: 53, x: 8, y:5), (Valor: 86, x: 1, y:16), ]
Agente: [x: 5, y: 7]
⬛‌⬛‌⬛‌⬛‌⬛‌⬛‌⬛‌⬛‌⬛‌⬛‌⬛‌⬛‌⬛‌⬛‌⬛‌⬛‌⬛‌⬛‌⬛‌⬛‌
⬛‌⬜‌⬛‌⬜‌⬜‌⬜‌⬛‌⬜‌⬜‌⬜‌⬜‌⬜‌⬜‌⬛‌⬜‌⬜‌⬜‌⬜‌⬜‌⬛‌
⬛‌⬜‌⬛‌⬛‌⬛‌⬜‌⬛‌⬜‌⬛‌⬛‌⬜‌⬛‌⬜‌⬛‌⬜‌⬜‌⬛‌⬜‌⬜‌⬛‌
⬛‌⬜‌⬛‌⬜‌⬛‌⬜‌⬜‌⬜‌⬜‌⬛‌⬜‌⬛‌⬜‌⬛‌⬛‌⬛‌⬛‌⬜‌⬛‌⬛‌
⬛‌⬜‌⬛‌⬜‌⬛‌⬛‌⬛‌⬛‌⬜‌⬛‌⬜‌⬛‌⬜‌⬜‌⬜‌⬜‌⬜‌⬜‌⬜‌⬛‌
⬛‌⬜‌⬜‌⬜‌⬜‌⬜‌⬜‌⬛‌🟨‌⬛‌⬜‌⬛‌⬛‌⬛‌⬜‌⬛‌⬛‌⬛‌⬛‌⬛‌
⬛‌⬛‌⬛‌⬛‌⬛‌⬜‌⬛‌⬛‌⬜‌⬛‌⬜‌⬜‌⬜‌⬛‌⬜‌⬜‌⬜‌⬜‌⬜‌⬛‌
⬛‌⬜‌⬜‌⬜‌⬛‌🟥‌⬛‌⬜‌⬜‌⬛‌⬜‌⬛‌⬛‌⬛‌⬛‌⬛‌⬛‌⬜‌⬛‌⬛‌
⬛‌🟨‌⬛‌⬛‌⬛‌⬜‌⬛‌⬛‌⬛‌⬛‌⬜‌⬛‌⬜‌⬜‌⬜‌⬜‌⬜‌⬜‌⬜‌⬛‌
⬛‌⬜‌⬜‌⬜‌⬛‌⬜‌⬜‌⬛‌⬜‌⬜‌⬜‌⬜‌⬜‌⬛‌⬛‌⬛‌⬜‌⬛‌⬛‌⬛‌
⬛‌⬜‌⬛‌⬜‌⬛‌⬜‌⬛‌⬛‌⬜‌⬛‌⬛‌⬛‌⬛‌⬛‌⬜‌⬛‌⬜‌⬛‌⬜‌⬛‌
⬛‌⬜‌⬛‌⬛‌⬛‌⬜‌⬛‌⬜‌⬜‌⬜‌⬜‌⬜‌⬜‌⬛‌⬜‌⬛‌⬜‌⬛‌⬜‌⬛‌
⬛‌⬜‌⬜‌⬜‌⬜‌⬜‌⬛‌⬜‌⬛‌⬛‌⬛‌⬛‌⬜‌⬛‌⬜‌⬛‌⬜‌⬛‌⬜‌⬛‌
⬛‌⬛‌⬛‌⬜‌⬛‌⬜‌⬛‌⬜‌⬛‌⬜‌⬜‌⬛‌⬜‌⬛‌⬜‌⬛‌⬜‌⬜‌⬜‌⬛‌
⬛‌⬜‌⬛‌⬜‌⬛‌⬜‌⬛‌⬜‌⬜‌⬜‌⬛‌⬛‌⬜‌⬛‌⬜‌⬛‌⬛‌⬛‌⬜‌⬛‌
⬛‌⬜‌⬛‌⬜‌⬛‌⬜‌⬛‌⬛‌⬛‌⬛‌⬛‌⬜‌⬜‌⬛‌⬜‌⬜‌⬜‌⬛‌⬜‌⬛‌
⬛‌🟨‌⬛‌⬛‌⬛‌⬜‌⬜‌⬜‌⬜‌⬜‌⬜‌⬜‌⬛‌⬛‌⬜‌⬛‌⬜‌⬛‌⬜‌⬛‌
⬛‌⬜‌⬜‌⬜‌⬜‌⬜‌⬛‌⬛‌⬛‌⬛‌⬛‌⬜‌⬛‌⬛‌⬜‌⬛‌⬜‌⬛‌⬜‌⬛‌
⬛‌⬜‌⬛‌⬛‌⬛‌⬜‌⬛‌⬜‌⬜‌⬜‌⬜‌⬜‌⬜‌⬜‌⬜‌⬛‌⬜‌⬜‌⬜‌⬛‌
⬛‌⬛‌⬛‌⬛‌⬛‌⬛‌⬛‌⬛‌⬛‌⬛‌⬛‌⬛‌⬛‌⬛‌⬛‌⬛‌⬛‌⬛‌⬛‌⬛‌

Abertos: [(6, 16), (1, 3), (3, 4), (1, 11), (6, 5), (1, 18), (5, 18), ]
Fechados: [(5, 8), (1, 4), (5, 6), (1, 17), (2, 17), (3, 17), (4, 17), (5, 17), (3, 15), (5, 15), (3, 13), (5, 13), (5, 11), (5, 9), (1, 5), (6, 9), (2, 5), (3, 5), (5, 7), (4, 5), (5, 5), (1, 16), (5, 16), (3, 14), (1, 12), (2, 12), (5, 14), (3, 12), (4, 12), (5, 12), (5, 10), ]
Arvore: [[(5, 8), (5, 7), 78.3], [(1, 4), (1, 5), 74.1], [(5, 6), (5, 7), 76.3], [(1, 17), (2, 17), 75.2], [(2, 17), (3, 17), 74.9], [(3, 17), (4, 17), 74.6], [(4, 17), (5, 17), 74.3], [(5, 17), (5, 16), 74.0], [(3, 15), (3, 14), 76.0], [(5, 15), (5, 14), 75.4], [(3, 13), (3, 12), 75.4], [(5, 13), (5, 12), 74.8], [(5, 11), (5, 10), 74.2], [(5, 9), (5, 8), 76.6], [(1, 5), (2, 5), 75.8], [(6, 9), (5, 9), 74.9], [(2, 5), (3, 5), 75.5], [(3, 5), (4, 5), 75.2], [(5, 7), None, None], [(4, 5), (5, 5), 74.9], [(5, 5), (5, 6), 74.6], [(1, 16), (1, 17), 75.5], [(5, 16), (5, 15), 75.7], [(3, 14), (3, 13), 75.7], [(1, 12), (2, 12), 75.7], [(2, 12), (3, 12), 75.4], [(5, 14), (5, 13), 75.1], [(3, 12), (4, 12), 75.1], [(4, 12), (5, 12), 74.8], [(5, 12), (5, 11), 74.5], [(5, 10), (5, 9), 74.9], [(6, 16), (5, 16), 74.0], [(1, 3), (1, 4), 72.4], [(3, 4), (3, 5), 73.5], [(1, 11), (1, 12), 74.0], [(6, 5), (5, 5), 72.9], [(1, 18), (1, 17), 73.5], [(5, 18), (5, 17), 72.3], ]

⬛‌⬛‌⬛‌⬛‌⬛‌⬛‌⬛‌⬛‌⬛‌⬛‌⬛‌⬛‌⬛‌⬛‌⬛‌⬛‌⬛‌⬛‌⬛‌⬛‌
⬛‌⬜‌⬛‌⬜‌⬜‌⬜‌⬛‌⬜‌⬜‌⬜‌⬜‌⬜‌⬜‌⬛‌⬜‌⬜‌⬜‌⬜‌⬜‌⬛‌
⬛‌⬜‌⬛‌⬛‌⬛‌⬜‌⬛‌⬜‌⬛‌⬛‌⬜‌⬛‌⬜‌⬛‌⬜‌⬜‌⬛‌⬜‌⬜‌⬛‌
⬛‌🟦‌⬛‌⬜‌⬛‌⬜‌⬜‌⬜‌⬜‌⬛‌⬜‌⬛‌⬜‌⬛‌⬛‌⬛‌⬛‌⬜‌⬛‌⬛‌
⬛‌🟩‌⬛‌🟦‌⬛‌⬛‌⬛‌⬛‌⬜‌⬛‌⬜‌⬛‌⬜‌⬜‌⬜‌⬜‌⬜‌⬜‌⬜‌⬛‌
⬛‌🟩‌🟩‌🟩‌🟩‌🟩‌🟦‌⬛‌🟨‌⬛‌⬜‌⬛‌⬛‌⬛‌⬜‌⬛‌⬛‌⬛‌⬛‌⬛‌
⬛‌⬛‌⬛‌⬛‌⬛‌🟩‌⬛‌⬛‌⬜‌⬛‌⬜‌⬜‌⬜‌⬛‌⬜‌⬜‌⬜‌⬜‌⬜‌⬛‌
⬛‌⬜‌⬜‌⬜‌⬛‌🟩‌⬛‌⬜‌⬜‌⬛‌⬜‌⬛‌⬛‌⬛‌⬛‌⬛‌⬛‌⬜‌⬛‌⬛‌
⬛‌🟨‌⬛‌⬛‌⬛‌🟩‌⬛‌⬛‌⬛‌⬛‌⬜‌⬛‌⬜‌⬜‌⬜‌⬜‌⬜‌⬜‌⬜‌⬛‌
⬛‌⬜‌⬜‌⬜‌⬛‌🟩‌🟩‌⬛‌⬜‌⬜‌⬜‌⬜‌⬜‌⬛‌⬛‌⬛‌⬜‌⬛‌⬛‌⬛‌
⬛‌⬜‌⬛‌⬜‌⬛‌🟩‌⬛‌⬛‌⬜‌⬛‌⬛‌⬛‌⬛‌⬛‌⬜‌⬛‌⬜‌⬛‌⬜‌⬛‌
⬛‌🟦‌⬛‌⬛‌⬛‌🟩‌⬛‌⬜‌⬜‌⬜‌⬜‌⬜‌⬜‌⬛‌⬜‌⬛‌⬜‌⬛‌⬜‌⬛‌
⬛‌🟩‌🟩‌🟩‌🟩‌🟩‌⬛‌⬜‌⬛‌⬛‌⬛‌⬛‌⬜‌⬛‌⬜‌⬛‌⬜‌⬛‌⬜‌⬛‌
⬛‌⬛‌⬛‌🟩‌⬛‌🟩‌⬛‌⬜‌⬛‌⬜‌⬜‌⬛‌⬜‌⬛‌⬜‌⬛‌⬜‌⬜‌⬜‌⬛‌
⬛‌⬜‌⬛‌🟩‌⬛‌🟩‌⬛‌⬜‌⬜‌⬜‌⬛‌⬛‌⬜‌⬛‌⬜‌⬛‌⬛‌⬛‌⬜‌⬛‌
⬛‌⬜‌⬛‌🟩‌⬛‌🟩‌⬛‌⬛‌⬛‌⬛‌⬛‌⬜‌⬜‌⬛‌⬜‌⬜‌⬜‌⬛‌⬜‌⬛‌
⬛‌🟥‌⬛‌⬛‌⬛‌🟩‌🟦‌⬜‌⬜‌⬜‌⬜‌⬜‌⬛‌⬛‌⬜‌⬛‌⬜‌⬛‌⬜‌⬛‌
⬛‌🟩‌🟩‌🟩‌🟩‌🟩‌⬛‌⬛‌⬛‌⬛‌⬛‌⬜‌⬛‌⬛‌⬜‌⬛‌⬜‌⬛‌⬜‌⬛‌
⬛‌🟦‌⬛‌⬛‌⬛‌🟦‌⬛‌⬜‌⬜‌⬜‌⬜‌⬜‌⬜‌⬜‌⬜‌⬛‌⬜‌⬜‌⬜‌⬛‌
⬛‌⬛‌⬛‌⬛‌⬛‌⬛‌⬛‌⬛‌⬛‌⬛‌⬛‌⬛‌⬛‌⬛‌⬛‌⬛‌⬛‌⬛‌⬛‌⬛‌

Abertos: [(6, 16), (3, 13), (2, 9), (5, 11), (5, 18), ]
Fechados: [(1, 17), (2, 17), (3, 17), (1, 15), (4, 17), (5, 17), (5, 15), (1, 11), (5, 13), (1, 9), (1, 18), (1, 16), (1, 14), (5, 16), (1, 12), (2, 12), (5, 14), (3, 12), (1, 10), (4, 12), (5, 12), (1, 8), ]
Arvore: [[(1, 17), (1, 16), 73.3], [(2, 17), (1, 17), 71.6], [(3, 17), (2, 17), 69.9], [(1, 15), (1, 16), 75.3], [(4, 17), (3, 17), 68.2], [(5, 17), (4, 17), 66.5], [(5, 15), (5, 16), 67.1], [(1, 11), (1, 12), 69.5], [(5, 13), (5, 14), 67.7], [(1, 9), (1, 10), 70.1], [(1, 18), (1, 17), 71.6], [(1, 16), None, 75.5], [(1, 14), (1, 15), 75.6], [(5, 16), (5, 17), 66.8], [(1, 12), (2, 12), 69.2], [(2, 12), (3, 12), 68.9], [(5, 14), (5, 15), 67.4], [(3, 12), (4, 12), 68.6], [(1, 10), (1, 11), 69.8], [(4, 12), (5, 12), 68.3], [(5, 12), (5, 13), 68.0], [(1, 8), (1, 9), 70.4], [(6, 16), (5, 16), 65.1], [(3, 13), (3, 12), 66.9], [(2, 9), (1, 9), 68.4], [(5, 11), (5, 12), 68.3], [(5, 18), (5, 17), 64.8], ]

⬛‌⬛‌⬛‌⬛‌⬛‌⬛‌⬛‌⬛‌⬛‌⬛‌⬛‌⬛‌⬛‌⬛‌⬛‌⬛‌⬛‌⬛‌⬛‌⬛‌
⬛‌⬜‌⬛‌⬜‌⬜‌⬜‌⬛‌⬜‌⬜‌⬜‌⬜‌⬜‌⬜‌⬛‌⬜‌⬜‌⬜‌⬜‌⬜‌⬛‌
⬛‌⬜‌⬛‌⬛‌⬛‌⬜‌⬛‌⬜‌⬛‌⬛‌⬜‌⬛‌⬜‌⬛‌⬜‌⬜‌⬛‌⬜‌⬜‌⬛‌
⬛‌⬜‌⬛‌⬜‌⬛‌⬜‌⬜‌⬜‌⬜‌⬛‌⬜‌⬛‌⬜‌⬛‌⬛‌⬛‌⬛‌⬜‌⬛‌⬛‌
⬛‌⬜‌⬛‌⬜‌⬛‌⬛‌⬛‌⬛‌⬜‌⬛‌⬜‌⬛‌⬜‌⬜‌⬜‌⬜‌⬜‌⬜‌⬜‌⬛‌
⬛‌⬜‌⬜‌⬜‌⬜‌⬜‌⬜‌⬛‌🟨‌⬛‌⬜‌⬛‌⬛‌⬛‌⬜‌⬛‌⬛‌⬛‌⬛‌⬛‌
⬛‌⬛‌⬛‌⬛‌⬛‌⬜‌⬛‌⬛‌⬜‌⬛‌⬜‌⬜‌⬜‌⬛‌⬜‌⬜‌⬜‌⬜‌⬜‌⬛‌
⬛‌⬜‌⬜‌⬜‌⬛‌🟪‌⬛‌⬜‌⬜‌⬛‌⬜‌⬛‌⬛‌⬛‌⬛‌⬛‌⬛‌⬜‌⬛‌⬛‌
⬛‌🟥‌⬛‌⬛‌⬛‌🟪‌⬛‌⬛‌⬛‌⬛‌⬜‌⬛‌⬜‌⬜‌⬜‌⬜‌⬜‌⬜‌⬜‌⬛‌
⬛‌🟩‌🟦‌⬜‌⬛‌🟪‌⬜‌⬛‌⬜‌⬜‌⬜‌⬜‌⬜‌⬛‌⬛‌⬛‌⬜‌⬛‌⬛‌⬛‌
⬛‌🟩‌⬛‌⬜‌⬛‌🟪‌⬛‌⬛‌⬜‌⬛‌⬛‌⬛‌⬛‌⬛‌⬜‌⬛‌⬜‌⬛‌⬜‌⬛‌
⬛‌🟩‌⬛‌⬛‌⬛‌🟦‌⬛‌⬜‌⬜‌⬜‌⬜‌⬜‌⬜‌⬛‌⬜‌⬛‌⬜‌⬛‌⬜‌⬛‌
⬛‌🟩‌🟩‌🟩‌🟩‌🟩‌⬛‌⬜‌⬛‌⬛‌⬛‌⬛‌⬜‌⬛‌⬜‌⬛‌⬜‌⬛‌⬜‌⬛‌
⬛‌⬛‌⬛‌🟦‌⬛‌🟩‌⬛‌⬜‌⬛‌⬜‌⬜‌⬛‌⬜‌⬛‌⬜‌⬛‌⬜‌⬜‌⬜‌⬛‌
⬛‌🟩‌⬛‌⬜‌⬛‌🟩‌⬛‌⬜‌⬜‌⬜‌⬛‌⬛‌⬜‌⬛‌⬜‌⬛‌⬛‌⬛‌⬜‌⬛‌
⬛‌🟩‌⬛‌⬜‌⬛‌🟩‌⬛‌⬛‌⬛‌⬛‌⬛‌⬜‌⬜‌⬛‌⬜‌⬜‌⬜‌⬛‌⬜‌⬛‌
⬛‌🟩‌⬛‌⬛‌⬛‌🟩‌🟦‌⬜‌⬜‌⬜‌⬜‌⬜‌⬛‌⬛‌⬜‌⬛‌⬜‌⬛‌⬜‌⬛‌
⬛‌🟩‌🟩‌🟩‌🟩‌🟩‌⬛‌⬛‌⬛‌⬛‌⬛‌⬜‌⬛‌⬛‌⬜‌⬛‌⬜‌⬛‌⬜‌⬛‌
⬛‌🟩‌⬛‌⬛‌⬛‌🟦‌⬛‌⬜‌⬜‌⬜‌⬜‌⬜‌⬜‌⬜‌⬜‌⬛‌⬜‌⬜‌⬜‌⬛‌
⬛‌⬛‌⬛‌⬛‌⬛‌⬛‌⬛‌⬛‌⬛‌⬛‌⬛‌⬛‌⬛‌⬛‌⬛‌⬛‌⬛‌⬛‌⬛‌⬛‌

