Seed: 225
Recompensas: [(Valor: 65, x: 5, y:6), (Valor: 96, x: 4, y:2), (Valor: 94, x: 3, y:6), ]
Agente: [x: 1, y: 2]
⬛‌⬛‌⬛‌⬛‌⬛‌⬛‌⬛‌⬛‌
⬛‌⬜‌⬛‌⬜‌⬜‌⬛‌⬜‌⬛‌
⬛‌🟥‌⬛‌⬛‌🟨‌⬛‌⬜‌⬛‌
⬛‌⬜‌⬛‌⬛‌⬜‌⬛‌⬜‌⬛‌
⬛‌⬜‌⬜‌⬜‌⬜‌⬜‌⬜‌⬛‌
⬛‌⬜‌⬛‌⬛‌⬜‌⬛‌⬛‌⬛‌
⬛‌⬜‌⬜‌🟨‌⬜‌🟨‌⬜‌⬛‌
⬛‌⬛‌⬛‌⬛‌⬛‌⬛‌⬛‌⬛‌

Abertos: [(1, 3), ]
Fechados: [(1, 2), (1, 1), ]
Arvore: [[(1, 2), None, None], [(1, 1), (1, 2), 91.3], [(1, 3), (1, 2), 91.3], ]

⬛‌⬛‌⬛‌⬛‌⬛‌⬛‌⬛‌⬛‌
⬛‌🟥‌⬛‌⬜‌⬜‌⬛‌⬜‌⬛‌
⬛‌🟩‌⬛‌⬛‌🟨‌⬛‌⬜‌⬛‌
⬛‌🟦‌⬛‌⬛‌⬜‌⬛‌⬜‌⬛‌
⬛‌⬜‌⬜‌⬜‌⬜‌⬜‌⬜‌⬛‌
⬛‌⬜‌⬛‌⬛‌⬜‌⬛‌⬛‌⬛‌
⬛‌⬜‌⬜‌🟨‌⬜‌🟨‌⬜‌⬛‌
⬛‌⬛‌⬛‌⬛‌⬛‌⬛‌⬛‌⬛‌

Abertos: []
Fechados: [(1, 2), (1, 1), (1, 3), ]
Arvore: [[(1, 2), None, None], [(1, 1), (1, 2), 91.3], [(1, 3), (1, 2), 91.3], ]

⬛‌⬛‌⬛‌⬛‌⬛‌⬛‌⬛‌⬛‌
⬛‌🟩‌⬛‌⬜‌⬜‌⬛‌⬜‌⬛‌
⬛‌🟩‌⬛‌⬛‌🟨‌⬛‌⬜‌⬛‌
⬛‌🟥‌⬛‌⬛‌⬜‌⬛‌⬜‌⬛‌
⬛‌⬜‌⬜‌⬜‌⬜‌⬜‌⬜‌⬛‌
⬛‌⬜‌⬛‌⬛‌⬜‌⬛‌⬛‌⬛‌
⬛‌⬜‌⬜‌🟨‌⬜‌🟨‌⬜‌⬛‌
⬛‌⬛‌⬛‌⬛‌⬛‌⬛‌⬛‌⬛‌

Abertos: []
Fechados: [(1, 2), (1, 1), (1, 3), (1, 4), ]
Arvore: [[(1, 2), None, None], [(1, 1), (1, 2), 91.3], [(1, 3), (1, 2), 91.3], [(1, 4), (1, 3), 89.6], ]

⬛‌⬛‌⬛‌⬛‌⬛‌⬛‌⬛‌⬛‌
⬛‌🟩‌⬛‌⬜‌⬜‌⬛‌⬜‌⬛‌
⬛‌🟩‌⬛‌⬛‌🟨‌⬛‌⬜‌⬛‌
⬛‌🟩‌⬛‌⬛‌⬜‌⬛‌⬜‌⬛‌
⬛‌🟥‌⬜‌⬜‌⬜‌⬜‌⬜‌⬛‌
⬛‌⬜‌⬛‌⬛‌⬜‌⬛‌⬛‌⬛‌
⬛‌⬜‌⬜‌🟨‌⬜‌🟨‌⬜‌⬛‌
⬛‌⬛‌⬛‌⬛‌⬛‌⬛‌⬛‌⬛‌

Abertos: [(1, 5), ]
Fechados: [(1, 1), (1, 2), (1, 4), (2, 4), (1, 3), ]
Arvore: [[(1, 1), (1, 2), 91.3], [(1, 2), None, None], [(1, 4), (1, 3), 89.6], [(2, 4), (1, 4), 89.9], [(1, 3), (1, 2), 91.3], [(1, 5), (1, 4), 88.9], ]

⬛‌⬛‌⬛‌⬛‌⬛‌⬛‌⬛‌⬛‌
⬛‌🟩‌⬛‌⬜‌⬜‌⬛‌⬜‌⬛‌
⬛‌🟩‌⬛‌⬛‌🟨‌⬛‌⬜‌⬛‌
⬛‌🟩‌⬛‌⬛‌⬜‌⬛‌⬜‌⬛‌
⬛‌🟩‌🟥‌⬜‌⬜‌⬜‌⬜‌⬛‌
⬛‌🟦‌⬛‌⬛‌⬜‌⬛‌⬛‌⬛‌
⬛‌⬜‌⬜‌🟨‌⬜‌🟨‌⬜‌⬛‌
⬛‌⬛‌⬛‌⬛‌⬛‌⬛‌⬛‌⬛‌

Abertos: [(1, 5), ]
Fechados: [(1, 1), (1, 2), (1, 4), (2, 4), (3, 4), (1, 3), ]
Arvore: [[(1, 1), (1, 2), 91.3], [(1, 2), None, None], [(1, 4), (1, 3), 89.6], [(2, 4), (1, 4), 89.9], [(3, 4), (2, 4), 90.2], [(1, 3), (1, 2), 91.3], [(1, 5), (1, 4), 88.9], ]

⬛‌⬛‌⬛‌⬛‌⬛‌⬛‌⬛‌⬛‌
⬛‌🟩‌⬛‌⬜‌⬜‌⬛‌⬜‌⬛‌
⬛‌🟩‌⬛‌⬛‌🟨‌⬛‌⬜‌⬛‌
⬛‌🟩‌⬛‌⬛‌⬜‌⬛‌⬜‌⬛‌
⬛‌🟩‌🟩‌🟥‌⬜‌⬜‌⬜‌⬛‌
⬛‌🟦‌⬛‌⬛‌⬜‌⬛‌⬛‌⬛‌
⬛‌⬜‌⬜‌🟨‌⬜‌🟨‌⬜‌⬛‌
⬛‌⬛‌⬛‌⬛‌⬛‌⬛‌⬛‌⬛‌

Abertos: [(1, 5), ]
Fechados: [(1, 1), (1, 2), (1, 4), (2, 4), (3, 4), (1, 3), (4, 4), ]
Arvore: [[(1, 1), (1, 2), 91.3], [(1, 2), None, None], [(1, 4), (1, 3), 89.6], [(2, 4), (1, 4), 89.9], [(3, 4), (2, 4), 90.2], [(1, 3), (1, 2), 91.3], [(4, 4), (3, 4), 90.5], [(1, 5), (1, 4), 88.9], ]

⬛‌⬛‌⬛‌⬛‌⬛‌⬛‌⬛‌⬛‌
⬛‌🟩‌⬛‌⬜‌⬜‌⬛‌⬜‌⬛‌
⬛‌🟩‌⬛‌⬛‌🟨‌⬛‌⬜‌⬛‌
⬛‌🟩‌⬛‌⬛‌⬜‌⬛‌⬜‌⬛‌
⬛‌🟩‌🟩‌🟩‌🟥‌⬜‌⬜‌⬛‌
⬛‌🟦‌⬛‌⬛‌⬜‌⬛‌⬛‌⬛‌
⬛‌⬜‌⬜‌🟨‌⬜‌🟨‌⬜‌⬛‌
⬛‌⬛‌⬛‌⬛‌⬛‌⬛‌⬛‌⬛‌

Abertos: [(5, 4), (4, 5), (1, 5), ]
Fechados: [(1, 1), (4, 3), (1, 2), (1, 4), (2, 4), (3, 4), (1, 3), (4, 4), ]
Arvore: [[(1, 1), (1, 2), 91.3], [(4, 3), (4, 4), 90.8], [(1, 2), None, None], [(1, 4), (1, 3), 89.6], [(2, 4), (1, 4), 89.9], [(3, 4), (2, 4), 90.2], [(1, 3), (1, 2), 91.3], [(4, 4), (3, 4), 90.5], [(5, 4), (4, 4), 88.8], [(4, 5), (4, 4), 88.8], [(1, 5), (1, 4), 88.9], ]

⬛‌⬛‌⬛‌⬛‌⬛‌⬛‌⬛‌⬛‌
⬛‌🟩‌⬛‌⬜‌⬜‌⬛‌⬜‌⬛‌
⬛‌🟩‌⬛‌⬛‌🟨‌⬛‌⬜‌⬛‌
⬛‌🟩‌⬛‌⬛‌🟥‌⬛‌⬜‌⬛‌
⬛‌🟩‌🟩‌🟩‌🟩‌🟦‌⬜‌⬛‌
⬛‌🟦‌⬛‌⬛‌🟦‌⬛‌⬛‌⬛‌
⬛‌⬜‌⬜‌🟨‌⬜‌🟨‌⬜‌⬛‌
⬛‌⬛‌⬛‌⬛‌⬛‌⬛‌⬛‌⬛‌

Abertos: [(4, 1), ]
Fechados: [(4, 2), (4, 3), ]
Arvore: [[(4, 2), None, 91.1], [(4, 3), (4, 2), 89.3], [(4, 1), (4, 2), 87.3], ]

⬛‌⬛‌⬛‌⬛‌⬛‌⬛‌⬛‌⬛‌
⬛‌⬜‌⬛‌⬜‌🟦‌⬛‌⬜‌⬛‌
⬛‌🟪‌⬛‌⬛‌🟩‌⬛‌⬜‌⬛‌
⬛‌🟪‌⬛‌⬛‌🟥‌⬛‌⬜‌⬛‌
⬛‌🟪‌🟪‌🟪‌🟪‌⬜‌⬜‌⬛‌
⬛‌⬜‌⬛‌⬛‌⬜‌⬛‌⬛‌⬛‌
⬛‌⬜‌⬜‌🟨‌⬜‌🟨‌⬜‌⬛‌
⬛‌⬛‌⬛‌⬛‌⬛‌⬛‌⬛‌⬛‌

Abertos: [(4, 1), ]
Fechados: [(4, 2), (4, 4), (4, 3), ]
Arvore: [[(4, 2), None, 91.1], [(4, 4), (4, 3), 89.6], [(4, 3), (4, 2), 89.3], [(4, 1), (4, 2), 87.3], ]

⬛‌⬛‌⬛‌⬛‌⬛‌⬛‌⬛‌⬛‌
⬛‌⬜‌⬛‌⬜‌🟦‌⬛‌⬜‌⬛‌
⬛‌🟪‌⬛‌⬛‌🟩‌⬛‌⬜‌⬛‌
⬛‌🟪‌⬛‌⬛‌🟩‌⬛‌⬜‌⬛‌
⬛‌🟪‌🟪‌🟪‌🟥‌⬜‌⬜‌⬛‌
⬛‌⬜‌⬛‌⬛‌⬜‌⬛‌⬛‌⬛‌
⬛‌⬜‌⬜‌🟨‌⬜‌🟨‌⬜‌⬛‌
⬛‌⬛‌⬛‌⬛‌⬛‌⬛‌⬛‌⬛‌

Abertos: [(4, 1), (5, 4), (4, 5), ]
Fechados: [(4, 2), (3, 4), (4, 4), (4, 3), ]
Arvore: [[(4, 2), None, 91.1], [(3, 4), (4, 4), 89.9], [(4, 4), (4, 3), 89.6], [(4, 3), (4, 2), 89.3], [(4, 1), (4, 2), 87.3], [(5, 4), (4, 4), 87.9], [(4, 5), (4, 4), 89.9], ]

⬛‌⬛‌⬛‌⬛‌⬛‌⬛‌⬛‌⬛‌
⬛‌⬜‌⬛‌⬜‌🟦‌⬛‌⬜‌⬛‌
⬛‌🟪‌⬛‌⬛‌🟩‌⬛‌⬜‌⬛‌
⬛‌🟪‌⬛‌⬛‌🟩‌⬛‌⬜‌⬛‌
⬛‌🟪‌🟪‌🟥‌🟩‌🟦‌⬜‌⬛‌
⬛‌⬜‌⬛‌⬛‌🟦‌⬛‌⬛‌⬛‌
⬛‌⬜‌⬜‌🟨‌⬜‌🟨‌⬜‌⬛‌
⬛‌⬛‌⬛‌⬛‌⬛‌⬛‌⬛‌⬛‌

Abertos: [(5, 4), (4, 1), (2, 4), ]
Fechados: [(4, 2), (4, 3), (4, 5), (3, 4), (4, 4), ]
Arvore: [[(4, 2), None, 91.1], [(4, 3), (4, 2), 89.3], [(4, 5), (4, 4), 89.9], [(3, 4), (4, 4), 89.9], [(4, 4), (4, 3), 89.6], [(5, 4), (4, 4), 87.9], [(4, 1), (4, 2), 87.3], [(2, 4), (3, 4), 88.2], ]

⬛‌⬛‌⬛‌⬛‌⬛‌⬛‌⬛‌⬛‌
⬛‌⬜‌⬛‌⬜‌🟦‌⬛‌⬜‌⬛‌
⬛‌🟪‌⬛‌⬛‌🟩‌⬛‌⬜‌⬛‌
⬛‌🟪‌⬛‌⬛‌🟩‌⬛‌⬜‌⬛‌
⬛‌🟪‌🟦‌🟩‌🟩‌🟦‌⬜‌⬛‌
⬛‌⬜‌⬛‌⬛‌🟥‌⬛‌⬛‌⬛‌
⬛‌⬜‌⬜‌🟨‌⬜‌🟨‌⬜‌⬛‌
⬛‌⬛‌⬛‌⬛‌⬛‌⬛‌⬛‌⬛‌

Abertos: [(5, 4), (4, 1), (2, 4), ]
Fechados: [(4, 2), (4, 3), (4, 6), (4, 5), (3, 4), (4, 4), ]
Arvore: [[(4, 2), None, 91.1], [(4, 3), (4, 2), 89.3], [(4, 6), (4, 5), 90.2], [(4, 5), (4, 4), 89.9], [(3, 4), (4, 4), 89.9], [(4, 4), (4, 3), 89.6], [(5, 4), (4, 4), 87.9], [(4, 1), (4, 2), 87.3], [(2, 4), (3, 4), 88.2], ]

⬛‌⬛‌⬛‌⬛‌⬛‌⬛‌⬛‌⬛‌
⬛‌⬜‌⬛‌⬜‌🟦‌⬛‌⬜‌⬛‌
⬛‌🟪‌⬛‌⬛‌🟩‌⬛‌⬜‌⬛‌
⬛‌🟪‌⬛‌⬛‌🟩‌⬛‌⬜‌⬛‌
⬛‌🟪‌🟦‌🟩‌🟩‌🟦‌⬜‌⬛‌
⬛‌⬜‌⬛‌⬛‌🟩‌⬛‌⬛‌⬛‌
⬛‌⬜‌⬜‌🟨‌🟥‌🟨‌⬜‌⬛‌
⬛‌⬛‌⬛‌⬛‌⬛‌⬛‌⬛‌⬛‌

Abertos: [(2, 6), ]
Fechados: [(3, 6), (4, 6), ]
Arvore: [[(3, 6), None, 90.5], [(4, 6), (3, 6), 63.3], [(2, 6), (3, 6), 61.3], ]

⬛‌⬛‌⬛‌⬛‌⬛‌⬛‌⬛‌⬛‌
⬛‌⬜‌⬛‌⬜‌⬜‌⬛‌⬜‌⬛‌
⬛‌🟪‌⬛‌⬛‌🟪‌⬛‌⬜‌⬛‌
⬛‌🟪‌⬛‌⬛‌🟪‌⬛‌⬜‌⬛‌
⬛‌🟪‌🟪‌🟪‌🟪‌⬜‌⬜‌⬛‌
⬛‌⬜‌⬛‌⬛‌🟪‌⬛‌⬛‌⬛‌
⬛‌⬜‌🟦‌🟩‌🟥‌🟨‌⬜‌⬛‌
⬛‌⬛‌⬛‌⬛‌⬛‌⬛‌⬛‌⬛‌

Abertos: []
Fechados: [(5, 6), ]
Arvore: [[(5, 6), None, 63.6], ]

⬛‌⬛‌⬛‌⬛‌⬛‌⬛‌⬛‌⬛‌
⬛‌⬜‌⬛‌⬜‌⬜‌⬛‌⬜‌⬛‌
⬛‌🟪‌⬛‌⬛‌🟪‌⬛‌⬜‌⬛‌
⬛‌🟪‌⬛‌⬛‌🟪‌⬛‌⬜‌⬛‌
⬛‌🟪‌🟪‌🟪‌🟪‌⬜‌⬜‌⬛‌
⬛‌⬜‌⬛‌⬛‌🟪‌⬛‌⬛‌⬛‌
⬛‌⬜‌⬜‌🟪‌🟪‌🟥‌⬜‌⬛‌
⬛‌⬛‌⬛‌⬛‌⬛‌⬛‌⬛‌⬛‌

custo: 17
