Seed: 619
Recompensas: [(Valor: 50, x: 1, y:14), (Valor: 80, x: 13, y:4), (Valor: 61, x: 18, y:17), ]
Agente: [x: 3, y: 15]
⬛‌⬛‌⬛‌⬛‌⬛‌⬛‌⬛‌⬛‌⬛‌⬛‌⬛‌⬛‌⬛‌⬛‌⬛‌⬛‌⬛‌⬛‌⬛‌⬛‌
⬛‌⬜‌⬛‌⬜‌⬜‌⬜‌⬛‌⬜‌⬜‌⬜‌⬜‌⬜‌⬜‌⬛‌⬜‌⬜‌⬜‌⬜‌⬜‌⬛‌
⬛‌⬜‌⬛‌⬛‌⬛‌⬜‌⬛‌⬜‌⬛‌⬛‌⬜‌⬛‌⬜‌⬛‌⬜‌⬜‌⬛‌⬜‌⬜‌⬛‌
⬛‌⬜‌⬛‌⬜‌⬛‌⬜‌⬜‌⬜‌⬜‌⬛‌⬜‌⬛‌⬜‌⬛‌⬛‌⬛‌⬛‌⬜‌⬛‌⬛‌
⬛‌⬜‌⬛‌⬜‌⬛‌⬛‌⬛‌⬛‌⬜‌⬛‌⬜‌⬛‌⬜‌🟨‌⬜‌⬜‌⬜‌⬜‌⬜‌⬛‌
⬛‌⬜‌⬜‌⬜‌⬜‌⬜‌⬜‌⬛‌⬜‌⬛‌⬜‌⬛‌⬛‌⬛‌⬜‌⬛‌⬛‌⬛‌⬛‌⬛‌
⬛‌⬛‌⬛‌⬛‌⬛‌⬜‌⬛‌⬛‌⬜‌⬛‌⬜‌⬜‌⬜‌⬛‌⬜‌⬜‌⬜‌⬜‌⬜‌⬛‌
⬛‌⬜‌⬜‌⬜‌⬛‌⬜‌⬛‌⬜‌⬜‌⬛‌⬜‌⬛‌⬛‌⬛‌⬛‌⬛‌⬛‌⬜‌⬛‌⬛‌
⬛‌⬜‌⬛‌⬛‌⬛‌⬜‌⬛‌⬛‌⬛‌⬛‌⬜‌⬛‌⬜‌⬜‌⬜‌⬜‌⬜‌⬜‌⬜‌⬛‌
⬛‌⬜‌⬜‌⬜‌⬛‌⬜‌⬜‌⬛‌⬜‌⬜‌⬜‌⬜‌⬜‌⬛‌⬛‌⬛‌⬜‌⬛‌⬛‌⬛‌
⬛‌⬜‌⬛‌⬜‌⬛‌⬜‌⬛‌⬛‌⬜‌⬛‌⬛‌⬛‌⬛‌⬛‌⬜‌⬛‌⬜‌⬛‌⬜‌⬛‌
⬛‌⬜‌⬛‌⬛‌⬛‌⬜‌⬛‌⬜‌⬜‌⬜‌⬜‌⬜‌⬜‌⬛‌⬜‌⬛‌⬜‌⬛‌⬜‌⬛‌
⬛‌⬜‌⬜‌⬜‌⬜‌⬜‌⬛‌⬜‌⬛‌⬛‌⬛‌⬛‌⬜‌⬛‌⬜‌⬛‌⬜‌⬛‌⬜‌⬛‌
⬛‌⬛‌⬛‌⬜‌⬛‌⬜‌⬛‌⬜‌⬛‌⬜‌⬜‌⬛‌⬜‌⬛‌⬜‌⬛‌⬜‌⬜‌⬜‌⬛‌
⬛‌🟨‌⬛‌⬜‌⬛‌⬜‌⬛‌⬜‌⬜‌⬜‌⬛‌⬛‌⬜‌⬛‌⬜‌⬛‌⬛‌⬛‌⬜‌⬛‌
⬛‌⬜‌⬛‌🟥‌⬛‌⬜‌⬛‌⬛‌⬛‌⬛‌⬛‌⬜‌⬜‌⬛‌⬜‌⬜‌⬜‌⬛‌⬜‌⬛‌
⬛‌⬜‌⬛‌⬛‌⬛‌⬜‌⬜‌⬜‌⬜‌⬜‌⬜‌⬜‌⬛‌⬛‌⬜‌⬛‌⬜‌⬛‌⬜‌⬛‌
⬛‌⬜‌⬜‌⬜‌⬜‌⬜‌⬛‌⬛‌⬛‌⬛‌⬛‌⬜‌⬛‌⬛‌⬜‌⬛‌⬜‌⬛‌🟨‌⬛‌
⬛‌⬜‌⬛‌⬛‌⬛‌⬜‌⬛‌⬜‌⬜‌⬜‌⬜‌⬜‌⬜‌⬜‌⬜‌⬛‌⬜‌⬜‌⬜‌⬛‌
⬛‌⬛‌⬛‌⬛‌⬛‌⬛‌⬛‌⬛‌⬛‌⬛‌⬛‌⬛‌⬛‌⬛‌⬛‌⬛‌⬛‌⬛‌⬛‌⬛‌

Abertos: [(16, 8), (8, 18), (16, 16), (9, 1), (2, 17), (7, 12), ]
Fechados: [(12, 14), (14, 14), (5, 6), (10, 6), (11, 6), (12, 6), (3, 15), (5, 15), (11, 15), (1, 7), (12, 15), (2, 7), (3, 7), (14, 15), (15, 15), (5, 7), (16, 15), (10, 7), (5, 16), (6, 16), (7, 16), (8, 16), (9, 16), (10, 16), (11, 16), (1, 8), (14, 16), (5, 8), (10, 8), (12, 8), (3, 17), (13, 8), (4, 17), (14, 8), (5, 17), (15, 8), (11, 17), (1, 9), (2, 9), (3, 9), (14, 17), (5, 9), (6, 9), (8, 9), (9, 9), (10, 9), (1, 1), (11, 9), (12, 9), (5, 18), (9, 18), (10, 18), (10, 1), (11, 18), (11, 1), (1, 10), (12, 18), (12, 1), (13, 18), (3, 10), (14, 18), (5, 10), (8, 10), (1, 2), (14, 10), (10, 2), (1, 11), (12, 2), (5, 11), (7, 11), (8, 11), (9, 11), (10, 11), (1, 3), (11, 11), (12, 11), (3, 3), (14, 11), (10, 3), (1, 12), (12, 3), (2, 12), (3, 12), (4, 12), (5, 12), (1, 4), (12, 12), (3, 4), (14, 12), (10, 4), (12, 4), (13, 4), (3, 13), (5, 13), (1, 5), (2, 5), (12, 13), (3, 5), (4, 5), (14, 13), (5, 5), (6, 5), (10, 5), (3, 14), (5, 14), ]
Arvore: [[(12, 14), (12, 15), 56.400000000000006], [(14, 14), (14, 15), 52.2], [(5, 6), (5, 7), 62.3], [(10, 6), (10, 7), 52.6], [(11, 6), (10, 6), 52.900000000000006], [(12, 6), (11, 6), 53.2], [(3, 15), None, None], [(5, 15), (5, 14), 55.400000000000006], [(11, 15), (11, 16), 55.8], [(1, 7), (1, 8), 58.0], [(12, 15), (11, 15), 56.099999999999994], [(2, 7), (1, 7), 58.3], [(3, 7), (2, 7), 58.599999999999994], [(14, 15), (14, 16), 51.900000000000006], [(15, 15), (14, 15), 50.2], [(5, 7), (5, 8), 62.0], [(16, 15), (15, 15), 48.5], [(10, 7), (10, 8), 52.3], [(5, 16), (5, 15), 53.7], [(6, 16), (5, 16), 54.0], [(7, 16), (6, 16), 54.3], [(8, 16), (7, 16), 54.599999999999994], [(9, 16), (8, 16), 54.900000000000006], [(10, 16), (9, 16), 55.2], [(11, 16), (10, 16), 55.5], [(1, 8), (1, 9), 57.7], [(14, 16), (14, 17), 51.599999999999994], [(5, 8), (5, 9), 61.7], [(10, 8), (10, 9), 52.0], [(12, 8), (12, 9), 52.6], [(3, 17), (4, 17), 48.599999999999994], [(13, 8), (12, 8), 52.900000000000006], [(4, 17), (5, 17), 50.3], [(14, 8), (13, 8), 51.2], [(5, 17), (5, 16), 52.0], [(15, 8), (14, 8), 49.5], [(11, 17), (11, 16), 53.8], [(1, 9), (1, 10), 57.400000000000006], [(2, 9), (1, 9), 57.7], [(3, 9), (2, 9), 58.0], [(14, 17), (14, 18), 51.3], [(5, 9), (5, 10), 61.400000000000006], [(6, 9), (5, 9), 61.7], [(8, 9), (8, 10), 51.1], [(9, 9), (8, 9), 51.400000000000006], [(10, 9), (9, 9), 51.7], [(1, 1), (1, 2), 51.0], [(11, 9), (10, 9), 52.0], [(12, 9), (11, 9), 52.3], [(5, 18), (5, 17), 50.3], [(9, 18), (10, 18), 48.7], [(10, 18), (11, 18), 50.400000000000006], [(10, 1), (10, 2), 48.1], [(11, 18), (11, 17), 52.099999999999994], [(11, 1), (10, 1), 48.400000000000006], [(1, 10), (1, 11), 57.099999999999994], [(12, 18), (11, 18), 52.400000000000006], [(12, 1), (11, 1), 48.7], [(13, 18), (12, 18), 52.7], [(3, 10), (3, 9), 56.3], [(14, 18), (13, 18), 51.0], [(5, 10), (5, 11), 61.099999999999994], [(8, 10), (8, 11), 50.8], [(1, 2), (1, 3), 52.7], [(14, 10), (14, 11), 53.400000000000006], [(10, 2), (10, 3), 49.8], [(1, 11), (1, 12), 56.8], [(12, 2), (12, 1), 49.0], [(5, 11), (5, 12), 60.8], [(7, 11), (8, 11), 48.8], [(8, 11), (9, 11), 50.5], [(9, 11), (10, 11), 52.2], [(10, 11), (11, 11), 53.900000000000006], [(1, 3), (1, 4), 54.400000000000006], [(11, 11), (12, 11), 55.599999999999994], [(12, 11), (12, 12), 57.3], [(3, 3), (3, 4), 57.8], [(14, 11), (14, 12), 53.1], [(10, 3), (10, 4), 51.5], [(1, 12), (2, 12), 56.5], [(12, 3), (12, 2), 49.3], [(2, 12), (3, 12), 58.2], [(3, 12), (3, 13), 59.900000000000006], [(4, 12), (3, 12), 60.2], [(5, 12), (4, 12), 60.5], [(1, 4), (1, 5), 56.099999999999994], [(12, 12), (12, 13), 57.0], [(3, 4), (3, 5), 59.5], [(14, 12), (14, 13), 52.8], [(10, 4), (10, 5), 53.2], [(12, 4), (12, 3), 49.6], [(13, 4), (12, 4), 49.900000000000006], [(3, 13), (3, 14), 59.599999999999994], [(5, 13), (5, 12), 58.8], [(1, 5), (2, 5), 55.8], [(2, 5), (3, 5), 57.5], [(12, 13), (12, 14), 56.7], [(3, 5), (4, 5), 59.2], [(4, 5), (5, 5), 60.900000000000006], [(14, 13), (14, 14), 52.5], [(5, 5), (5, 6), 62.599999999999994], [(6, 5), (5, 5), 62.900000000000006], [(10, 5), (10, 6), 52.900000000000006], [(3, 14), (3, 15), 59.3], [(5, 14), (5, 13), 57.099999999999994], [(16, 8), (15, 8), 47.8], [(8, 18), (9, 18), 47.0], [(16, 16), (16, 15), 46.8], [(9, 1), (10, 1), 46.400000000000006], [(2, 17), (3, 17), 46.900000000000006], [(7, 12), (7, 11), 47.1], ]

⬛‌⬛‌⬛‌⬛‌⬛‌⬛‌⬛‌⬛‌⬛‌⬛‌⬛‌⬛‌⬛‌⬛‌⬛‌⬛‌⬛‌⬛‌⬛‌⬛‌
⬛‌🟩‌⬛‌⬜‌⬜‌⬜‌⬛‌⬜‌⬜‌🟦‌🟩‌🟩‌🟩‌⬛‌⬜‌⬜‌⬜‌⬜‌⬜‌⬛‌
⬛‌🟩‌⬛‌⬛‌⬛‌⬜‌⬛‌⬜‌⬛‌⬛‌🟩‌⬛‌🟩‌⬛‌⬜‌⬜‌⬛‌⬜‌⬜‌⬛‌
⬛‌🟩‌⬛‌🟩‌⬛‌⬜‌⬜‌⬜‌⬜‌⬛‌🟩‌⬛‌🟩‌⬛‌⬛‌⬛‌⬛‌⬜‌⬛‌⬛‌
⬛‌🟩‌⬛‌🟩‌⬛‌⬛‌⬛‌⬛‌⬜‌⬛‌🟩‌⬛‌🟩‌🟥‌⬜‌⬜‌⬜‌⬜‌⬜‌⬛‌
⬛‌🟩‌🟩‌🟩‌🟩‌🟩‌🟩‌⬛‌⬜‌⬛‌🟩‌⬛‌⬛‌⬛‌⬜‌⬛‌⬛‌⬛‌⬛‌⬛‌
⬛‌⬛‌⬛‌⬛‌⬛‌🟩‌⬛‌⬛‌⬜‌⬛‌🟩‌🟩‌🟩‌⬛‌⬜‌⬜‌⬜‌⬜‌⬜‌⬛‌
⬛‌🟩‌🟩‌🟩‌⬛‌🟩‌⬛‌⬜‌⬜‌⬛‌🟩‌⬛‌⬛‌⬛‌⬛‌⬛‌⬛‌⬜‌⬛‌⬛‌
⬛‌🟩‌⬛‌⬛‌⬛‌🟩‌⬛‌⬛‌⬛‌⬛‌🟩‌⬛‌🟩‌🟩‌🟩‌🟩‌🟦‌⬜‌⬜‌⬛‌
⬛‌🟩‌🟩‌🟩‌⬛‌🟩‌🟩‌⬛‌🟩‌🟩‌🟩‌🟩‌🟩‌⬛‌⬛‌⬛‌⬜‌⬛‌⬛‌⬛‌
⬛‌🟩‌⬛‌🟩‌⬛‌🟩‌⬛‌⬛‌🟩‌⬛‌⬛‌⬛‌⬛‌⬛‌🟩‌⬛‌⬜‌⬛‌⬜‌⬛‌
⬛‌🟩‌⬛‌⬛‌⬛‌🟩‌⬛‌🟩‌🟩‌🟩‌🟩‌🟩‌🟩‌⬛‌🟩‌⬛‌⬜‌⬛‌⬜‌⬛‌
⬛‌🟩‌🟩‌🟩‌🟩‌🟩‌⬛‌🟦‌⬛‌⬛‌⬛‌⬛‌🟩‌⬛‌🟩‌⬛‌⬜‌⬛‌⬜‌⬛‌
⬛‌⬛‌⬛‌🟩‌⬛‌🟩‌⬛‌⬜‌⬛‌⬜‌⬜‌⬛‌🟩‌⬛‌🟩‌⬛‌⬜‌⬜‌⬜‌⬛‌
⬛‌🟨‌⬛‌🟩‌⬛‌🟩‌⬛‌⬜‌⬜‌⬜‌⬛‌⬛‌🟩‌⬛‌🟩‌⬛‌⬛‌⬛‌⬜‌⬛‌
⬛‌⬜‌⬛‌🟩‌⬛‌🟩‌⬛‌⬛‌⬛‌⬛‌⬛‌🟩‌🟩‌⬛‌🟩‌🟩‌🟩‌⬛‌⬜‌⬛‌
⬛‌⬜‌⬛‌⬛‌⬛‌🟩‌🟩‌🟩‌🟩‌🟩‌🟩‌🟩‌⬛‌⬛‌🟩‌⬛‌🟦‌⬛‌⬜‌⬛‌
⬛‌⬜‌🟦‌🟩‌🟩‌🟩‌⬛‌⬛‌⬛‌⬛‌⬛‌🟩‌⬛‌⬛‌🟩‌⬛‌⬜‌⬛‌🟨‌⬛‌
⬛‌⬜‌⬛‌⬛‌⬛‌🟩‌⬛‌⬜‌🟦‌🟩‌🟩‌🟩‌🟩‌🟩‌🟩‌⬛‌⬜‌⬜‌⬜‌⬛‌
⬛‌⬛‌⬛‌⬛‌⬛‌⬛‌⬛‌⬛‌⬛‌⬛‌⬛‌⬛‌⬛‌⬛‌⬛‌⬛‌⬛‌⬛‌⬛‌⬛‌

Abertos: [(15, 8), (12, 4), (15, 4), (18, 12), ]
Fechados: [(18, 16), (18, 14), (16, 12), (16, 10), (16, 8), (14, 6), (13, 4), (17, 8), (15, 6), (14, 4), (18, 8), (16, 6), (17, 6), (18, 6), (18, 17), (18, 15), (16, 13), (17, 13), (18, 13), (16, 11), (16, 9), (14, 5), (17, 7), ]
Arvore: [[(18, 16), (18, 15), 46.7], [(18, 14), (18, 13), 46.1], [(16, 12), (16, 11), 44.9], [(16, 10), (16, 9), 44.3], [(16, 8), (17, 8), 43.7], [(14, 6), (14, 5), 43.9], [(13, 4), None, 49.900000000000006], [(17, 8), (17, 7), 45.4], [(15, 6), (14, 6), 44.2], [(14, 4), (13, 4), 43.3], [(18, 8), (17, 8), 45.7], [(16, 6), (15, 6), 44.5], [(17, 6), (16, 6), 44.8], [(18, 6), (17, 6), 45.1], [(18, 17), (18, 16), 47.0], [(18, 15), (18, 14), 46.4], [(16, 13), (16, 12), 45.2], [(17, 13), (16, 13), 45.5], [(18, 13), (17, 13), 45.8], [(16, 11), (16, 10), 44.6], [(16, 9), (16, 8), 44.0], [(14, 5), (14, 4), 43.6], [(17, 7), (17, 6), 45.1], [(15, 8), (16, 8), 42.0], [(12, 4), (13, 4), 41.3], [(15, 4), (14, 4), 43.6], [(18, 12), (18, 13), 44.1], ]

⬛‌⬛‌⬛‌⬛‌⬛‌⬛‌⬛‌⬛‌⬛‌⬛‌⬛‌⬛‌⬛‌⬛‌⬛‌⬛‌⬛‌⬛‌⬛‌⬛‌
⬛‌⬜‌⬛‌⬜‌⬜‌⬜‌⬛‌⬜‌⬜‌⬜‌🟪‌🟪‌🟪‌⬛‌⬜‌⬜‌⬜‌⬜‌⬜‌⬛‌
⬛‌⬜‌⬛‌⬛‌⬛‌⬜‌⬛‌⬜‌⬛‌⬛‌🟪‌⬛‌🟪‌⬛‌⬜‌⬜‌⬛‌⬜‌⬜‌⬛‌
⬛‌⬜‌⬛‌⬜‌⬛‌⬜‌⬜‌⬜‌⬜‌⬛‌🟪‌⬛‌🟪‌⬛‌⬛‌⬛‌⬛‌⬜‌⬛‌⬛‌
⬛‌⬜‌⬛‌⬜‌⬛‌⬛‌⬛‌⬛‌⬜‌⬛‌🟪‌⬛‌🟦‌🟩‌🟩‌🟦‌⬜‌⬜‌⬜‌⬛‌
⬛‌⬜‌⬜‌⬜‌⬜‌⬜‌⬜‌⬛‌⬜‌⬛‌🟪‌⬛‌⬛‌⬛‌🟩‌⬛‌⬛‌⬛‌⬛‌⬛‌
⬛‌⬛‌⬛‌⬛‌⬛‌⬜‌⬛‌⬛‌⬜‌⬛‌🟪‌⬜‌⬜‌⬛‌🟩‌🟩‌🟩‌🟩‌🟩‌⬛‌
⬛‌⬜‌⬜‌⬜‌⬛‌⬜‌⬛‌⬜‌⬜‌⬛‌🟪‌⬛‌⬛‌⬛‌⬛‌⬛‌⬛‌🟩‌⬛‌⬛‌
⬛‌⬜‌⬛‌⬛‌⬛‌⬜‌⬛‌⬛‌⬛‌⬛‌🟪‌⬛‌⬜‌⬜‌⬜‌🟦‌🟩‌🟩‌🟩‌⬛‌
⬛‌⬜‌⬜‌⬜‌⬛‌⬜‌⬜‌⬛‌🟪‌🟪‌🟪‌⬜‌⬜‌⬛‌⬛‌⬛‌🟩‌⬛‌⬛‌⬛‌
⬛‌⬜‌⬛‌⬜‌⬛‌⬜‌⬛‌⬛‌🟪‌⬛‌⬛‌⬛‌⬛‌⬛‌⬜‌⬛‌🟩‌⬛‌⬜‌⬛‌
⬛‌⬜‌⬛‌⬛‌⬛‌⬜‌⬛‌⬜‌🟪‌🟪‌🟪‌🟪‌🟪‌⬛‌⬜‌⬛‌🟩‌⬛‌⬜‌⬛‌
⬛‌⬜‌⬜‌🟪‌🟪‌🟪‌⬛‌⬜‌⬛‌⬛‌⬛‌⬛‌🟪‌⬛‌⬜‌⬛‌🟩‌⬛‌🟦‌⬛‌
⬛‌⬛‌⬛‌🟪‌⬛‌🟪‌⬛‌⬜‌⬛‌⬜‌⬜‌⬛‌🟪‌⬛‌⬜‌⬛‌🟩‌🟩‌🟩‌⬛‌
⬛‌🟨‌⬛‌🟪‌⬛‌🟪‌⬛‌⬜‌⬜‌⬜‌⬛‌⬛‌🟪‌⬛‌⬜‌⬛‌⬛‌⬛‌🟩‌⬛‌
⬛‌⬜‌⬛‌🟪‌⬛‌🟪‌⬛‌⬛‌⬛‌⬛‌⬛‌🟪‌🟪‌⬛‌⬜‌⬜‌⬜‌⬛‌🟩‌⬛‌
⬛‌⬜‌⬛‌⬛‌⬛‌🟪‌🟪‌🟪‌🟪‌🟪‌🟪‌🟪‌⬛‌⬛‌⬜‌⬛‌⬜‌⬛‌🟩‌⬛‌
⬛‌⬜‌⬜‌⬜‌⬜‌⬜‌⬛‌⬛‌⬛‌⬛‌⬛‌⬜‌⬛‌⬛‌⬜‌⬛‌⬜‌⬛‌🟥‌⬛‌
⬛‌⬜‌⬛‌⬛‌⬛‌⬜‌⬛‌⬜‌⬜‌⬜‌⬜‌⬜‌⬜‌⬜‌⬜‌⬛‌⬜‌⬜‌⬜‌⬛‌
⬛‌⬛‌⬛‌⬛‌⬛‌⬛‌⬛‌⬛‌⬛‌⬛‌⬛‌⬛‌⬛‌⬛‌⬛‌⬛‌⬛‌⬛‌⬛‌⬛‌

