Seed: 729
Recompensas: [(Valor: 70, x: 17, y:18), (Valor: 86, x: 13, y:8), (Valor: 56, x: 11, y:18), ]
Agente: [x: 7, y: 16]
⬛‌⬛‌⬛‌⬛‌⬛‌⬛‌⬛‌⬛‌⬛‌⬛‌⬛‌⬛‌⬛‌⬛‌⬛‌⬛‌⬛‌⬛‌⬛‌⬛‌
⬛‌⬜‌⬛‌⬜‌⬜‌⬜‌⬛‌⬜‌⬜‌⬜‌⬜‌⬜‌⬜‌⬛‌⬜‌⬜‌⬜‌⬜‌⬜‌⬛‌
⬛‌⬜‌⬛‌⬛‌⬛‌⬜‌⬛‌⬜‌⬛‌⬛‌⬜‌⬛‌⬜‌⬛‌⬜‌⬜‌⬛‌⬜‌⬜‌⬛‌
⬛‌⬜‌⬛‌⬜‌⬛‌⬜‌⬜‌⬜‌⬜‌⬛‌⬜‌⬛‌⬜‌⬛‌⬛‌⬛‌⬛‌⬜‌⬛‌⬛‌
⬛‌⬜‌⬛‌⬜‌⬛‌⬛‌⬛‌⬛‌⬜‌⬛‌⬜‌⬛‌⬜‌⬜‌⬜‌⬜‌⬜‌⬜‌⬜‌⬛‌
⬛‌⬜‌⬜‌⬜‌⬜‌⬜‌⬜‌⬛‌⬜‌⬛‌⬜‌⬛‌⬛‌⬛‌⬜‌⬛‌⬛‌⬛‌⬛‌⬛‌
⬛‌⬛‌⬛‌⬛‌⬛‌⬜‌⬛‌⬛‌⬜‌⬛‌⬜‌⬜‌⬜‌⬛‌⬜‌⬜‌⬜‌⬜‌⬜‌⬛‌
⬛‌⬜‌⬜‌⬜‌⬛‌⬜‌⬛‌⬜‌⬜‌⬛‌⬜‌⬛‌⬛‌⬛‌⬛‌⬛‌⬛‌⬜‌⬛‌⬛‌
⬛‌⬜‌⬛‌⬛‌⬛‌⬜‌⬛‌⬛‌⬛‌⬛‌⬜‌⬛‌⬜‌🟨‌⬜‌⬜‌⬜‌⬜‌⬜‌⬛‌
⬛‌⬜‌⬜‌⬜‌⬛‌⬜‌⬜‌⬛‌⬜‌⬜‌⬜‌⬜‌⬜‌⬛‌⬛‌⬛‌⬜‌⬛‌⬛‌⬛‌
⬛‌⬜‌⬛‌⬜‌⬛‌⬜‌⬛‌⬛‌⬜‌⬛‌⬛‌⬛‌⬛‌⬛‌⬜‌⬛‌⬜‌⬛‌⬜‌⬛‌
⬛‌⬜‌⬛‌⬛‌⬛‌⬜‌⬛‌⬜‌⬜‌⬜‌⬜‌⬜‌⬜‌⬛‌⬜‌⬛‌⬜‌⬛‌⬜‌⬛‌
⬛‌⬜‌⬜‌⬜‌⬜‌⬜‌⬛‌⬜‌⬛‌⬛‌⬛‌⬛‌⬜‌⬛‌⬜‌⬛‌⬜‌⬛‌⬜‌⬛‌
⬛‌⬛‌⬛‌⬜‌⬛‌⬜‌⬛‌⬜‌⬛‌⬜‌⬜‌⬛‌⬜‌⬛‌⬜‌⬛‌⬜‌⬜‌⬜‌⬛‌
⬛‌⬜‌⬛‌⬜‌⬛‌⬜‌⬛‌⬜‌⬜‌⬜‌⬛‌⬛‌⬜‌⬛‌⬜‌⬛‌⬛‌⬛‌⬜‌⬛‌
⬛‌⬜‌⬛‌⬜‌⬛‌⬜‌⬛‌⬛‌⬛‌⬛‌⬛‌⬜‌⬜‌⬛‌⬜‌⬜‌⬜‌⬛‌⬜‌⬛‌
⬛‌⬜‌⬛‌⬛‌⬛‌⬜‌⬜‌🟥‌⬜‌⬜‌⬜‌⬜‌⬛‌⬛‌⬜‌⬛‌⬜‌⬛‌⬜‌⬛‌
⬛‌⬜‌⬜‌⬜‌⬜‌⬜‌⬛‌⬛‌⬛‌⬛‌⬛‌⬜‌⬛‌⬛‌⬜‌⬛‌⬜‌⬛‌⬜‌⬛‌
⬛‌⬜‌⬛‌⬛‌⬛‌⬜‌⬛‌⬜‌⬜‌⬜‌⬜‌🟨‌⬜‌⬜‌⬜‌⬛‌⬜‌🟨‌⬜‌⬛‌
⬛‌⬛‌⬛‌⬛‌⬛‌⬛‌⬛‌⬛‌⬛‌⬛‌⬛‌⬛‌⬛‌⬛‌⬛‌⬛‌⬛‌⬛‌⬛‌⬛‌

Abertos: [(6, 16), (8, 11), ]
Fechados: [(7, 16), (12, 11), (8, 16), (11, 11), (9, 16), (12, 12), (10, 11), (10, 16), (12, 13), (9, 11), (11, 16), (11, 17), (12, 14), (11, 15), (12, 15), (11, 18), ]
Arvore: [[(7, 16), None, None], [(12, 11), (12, 12), 71.0], [(8, 16), (7, 16), 43.3], [(11, 11), (12, 11), 66.3], [(9, 16), (8, 16), 45.6], [(12, 12), (12, 13), 69.7], [(10, 11), (11, 11), 61.599999999999994], [(10, 16), (9, 16), 47.900000000000006], [(12, 13), (12, 14), 68.4], [(9, 11), (10, 11), 56.900000000000006], [(11, 16), (10, 16), 56.2], [(11, 17), (11, 16), 52.5], [(12, 14), (12, 15), 67.1], [(11, 15), (11, 16), 58.5], [(12, 15), (11, 15), 65.8], [(11, 18), (11, 17), 65.8], [(6, 16), (7, 16), 37.3], [(8, 11), (9, 11), 52.2], ]

⬛‌⬛‌⬛‌⬛‌⬛‌⬛‌⬛‌⬛‌⬛‌⬛‌⬛‌⬛‌⬛‌⬛‌⬛‌⬛‌⬛‌⬛‌⬛‌⬛‌
⬛‌⬜‌⬛‌⬜‌⬜‌⬜‌⬛‌⬜‌⬜‌⬜‌⬜‌⬜‌⬜‌⬛‌⬜‌⬜‌⬜‌⬜‌⬜‌⬛‌
⬛‌⬜‌⬛‌⬛‌⬛‌⬜‌⬛‌⬜‌⬛‌⬛‌⬜‌⬛‌⬜‌⬛‌⬜‌⬜‌⬛‌⬜‌⬜‌⬛‌
⬛‌⬜‌⬛‌⬜‌⬛‌⬜‌⬜‌⬜‌⬜‌⬛‌⬜‌⬛‌⬜‌⬛‌⬛‌⬛‌⬛‌⬜‌⬛‌⬛‌
⬛‌⬜‌⬛‌⬜‌⬛‌⬛‌⬛‌⬛‌⬜‌⬛‌⬜‌⬛‌⬜‌⬜‌⬜‌⬜‌⬜‌⬜‌⬜‌⬛‌
⬛‌⬜‌⬜‌⬜‌⬜‌⬜‌⬜‌⬛‌⬜‌⬛‌⬜‌⬛‌⬛‌⬛‌⬜‌⬛‌⬛‌⬛‌⬛‌⬛‌
⬛‌⬛‌⬛‌⬛‌⬛‌⬜‌⬛‌⬛‌⬜‌⬛‌⬜‌⬜‌⬜‌⬛‌⬜‌⬜‌⬜‌⬜‌⬜‌⬛‌
⬛‌⬜‌⬜‌⬜‌⬛‌⬜‌⬛‌⬜‌⬜‌⬛‌⬜‌⬛‌⬛‌⬛‌⬛‌⬛‌⬛‌⬜‌⬛‌⬛‌
⬛‌⬜‌⬛‌⬛‌⬛‌⬜‌⬛‌⬛‌⬛‌⬛‌⬜‌⬛‌⬜‌🟨‌⬜‌⬜‌⬜‌⬜‌⬜‌⬛‌
⬛‌⬜‌⬜‌⬜‌⬛‌⬜‌⬜‌⬛‌⬜‌⬜‌⬜‌⬜‌⬜‌⬛‌⬛‌⬛‌⬜‌⬛‌⬛‌⬛‌
⬛‌⬜‌⬛‌⬜‌⬛‌⬜‌⬛‌⬛‌⬜‌⬛‌⬛‌⬛‌⬛‌⬛‌⬜‌⬛‌⬜‌⬛‌⬜‌⬛‌
⬛‌⬜‌⬛‌⬛‌⬛‌⬜‌⬛‌⬜‌🟦‌🟩‌🟩‌🟩‌🟩‌⬛‌⬜‌⬛‌⬜‌⬛‌⬜‌⬛‌
⬛‌⬜‌⬜‌⬜‌⬜‌⬜‌⬛‌⬜‌⬛‌⬛‌⬛‌⬛‌🟩‌⬛‌⬜‌⬛‌⬜‌⬛‌⬜‌⬛‌
⬛‌⬛‌⬛‌⬜‌⬛‌⬜‌⬛‌⬜‌⬛‌⬜‌⬜‌⬛‌🟩‌⬛‌⬜‌⬛‌⬜‌⬜‌⬜‌⬛‌
⬛‌⬜‌⬛‌⬜‌⬛‌⬜‌⬛‌⬜‌⬜‌⬜‌⬛‌⬛‌🟩‌⬛‌⬜‌⬛‌⬛‌⬛‌⬜‌⬛‌
⬛‌⬜‌⬛‌⬜‌⬛‌⬜‌⬛‌⬛‌⬛‌⬛‌⬛‌🟩‌🟩‌⬛‌⬜‌⬜‌⬜‌⬛‌⬜‌⬛‌
⬛‌⬜‌⬛‌⬛‌⬛‌⬜‌🟦‌🟩‌🟩‌🟩‌🟩‌🟩‌⬛‌⬛‌⬜‌⬛‌⬜‌⬛‌⬜‌⬛‌
⬛‌⬜‌⬜‌⬜‌⬜‌⬜‌⬛‌⬛‌⬛‌⬛‌⬛‌🟩‌⬛‌⬛‌⬜‌⬛‌⬜‌⬛‌⬜‌⬛‌
⬛‌⬜‌⬛‌⬛‌⬛‌⬜‌⬛‌⬜‌⬜‌⬜‌⬜‌🟥‌⬜‌⬜‌⬜‌⬛‌⬜‌🟨‌⬜‌⬛‌
⬛‌⬛‌⬛‌⬛‌⬛‌⬛‌⬛‌⬛‌⬛‌⬛‌⬛‌⬛‌⬛‌⬛‌⬛‌⬛‌⬛‌⬛‌⬛‌⬛‌

Abertos: [(11, 17), ]
Fechados: [(17, 18), (16, 18), (14, 18), (13, 18), (12, 18), (11, 18), (14, 10), (10, 18), (9, 18), (8, 18), (14, 12), (7, 18), (14, 14), (14, 16), (16, 16), (14, 11), (14, 13), (14, 17), (14, 15), (16, 17), (15, 15), (16, 15), ]
Arvore: [[(17, 18), (16, 18), 61.6], [(16, 18), (16, 17), 62.3], [(14, 18), (13, 18), 67.9], [(13, 18), (12, 18), 84.6], [(12, 18), (11, 18), 69.3], [(11, 18), None, 65.8], [(14, 10), (14, 11), 72.3], [(10, 18), (11, 18), 69.3], [(9, 18), (10, 18), 68.6], [(8, 18), (9, 18), 67.9], [(14, 12), (14, 13), 69.7], [(7, 18), (8, 18), 67.2], [(14, 14), (14, 15), 67.1], [(14, 16), (14, 17), 64.5], [(16, 16), (16, 15), 57.7], [(14, 11), (14, 12), 71.0], [(14, 13), (14, 14), 68.4], [(14, 17), (14, 18), 63.2], [(14, 15), (14, 16), 65.8], [(16, 17), (16, 16), 59.0], [(15, 15), (14, 15), 57.099999999999994], [(16, 15), (15, 15), 56.400000000000006], [(11, 17), (11, 18), 55.3], ]

⬛‌⬛‌⬛‌⬛‌⬛‌⬛‌⬛‌⬛‌⬛‌⬛‌⬛‌⬛‌⬛‌⬛‌⬛‌⬛‌⬛‌⬛‌⬛‌⬛‌
⬛‌⬜‌⬛‌⬜‌⬜‌⬜‌⬛‌⬜‌⬜‌⬜‌⬜‌⬜‌⬜‌⬛‌⬜‌⬜‌⬜‌⬜‌⬜‌⬛‌
⬛‌⬜‌⬛‌⬛‌⬛‌⬜‌⬛‌⬜‌⬛‌⬛‌⬜‌⬛‌⬜‌⬛‌⬜‌⬜‌⬛‌⬜‌⬜‌⬛‌
⬛‌⬜‌⬛‌⬜‌⬛‌⬜‌⬜‌⬜‌⬜‌⬛‌⬜‌⬛‌⬜‌⬛‌⬛‌⬛‌⬛‌⬜‌⬛‌⬛‌
⬛‌⬜‌⬛‌⬜‌⬛‌⬛‌⬛‌⬛‌⬜‌⬛‌⬜‌⬛‌⬜‌⬜‌⬜‌⬜‌⬜‌⬜‌⬜‌⬛‌
⬛‌⬜‌⬜‌⬜‌⬜‌⬜‌⬜‌⬛‌⬜‌⬛‌⬜‌⬛‌⬛‌⬛‌⬜‌⬛‌⬛‌⬛‌⬛‌⬛‌
⬛‌⬛‌⬛‌⬛‌⬛‌⬜‌⬛‌⬛‌⬜‌⬛‌⬜‌⬜‌⬜‌⬛‌⬜‌⬜‌⬜‌⬜‌⬜‌⬛‌
⬛‌⬜‌⬜‌⬜‌⬛‌⬜‌⬛‌⬜‌⬜‌⬛‌⬜‌⬛‌⬛‌⬛‌⬛‌⬛‌⬛‌⬜‌⬛‌⬛‌
⬛‌⬜‌⬛‌⬛‌⬛‌⬜‌⬛‌⬛‌⬛‌⬛‌⬜‌⬛‌⬜‌🟨‌⬜‌⬜‌⬜‌⬜‌⬜‌⬛‌
⬛‌⬜‌⬜‌⬜‌⬛‌⬜‌⬜‌⬛‌⬜‌⬜‌⬜‌⬜‌⬜‌⬛‌⬛‌⬛‌⬜‌⬛‌⬛‌⬛‌
⬛‌⬜‌⬛‌⬜‌⬛‌⬜‌⬛‌⬛‌⬜‌⬛‌⬛‌⬛‌⬛‌⬛‌🟩‌⬛‌⬜‌⬛‌⬜‌⬛‌
⬛‌⬜‌⬛‌⬛‌⬛‌⬜‌⬛‌⬜‌⬜‌⬜‌⬜‌⬜‌⬜‌⬛‌🟩‌⬛‌⬜‌⬛‌⬜‌⬛‌
⬛‌⬜‌⬜‌⬜‌⬜‌⬜‌⬛‌⬜‌⬛‌⬛‌⬛‌⬛‌⬜‌⬛‌🟩‌⬛‌⬜‌⬛‌⬜‌⬛‌
⬛‌⬛‌⬛‌⬜‌⬛‌⬜‌⬛‌⬜‌⬛‌⬜‌⬜‌⬛‌⬜‌⬛‌🟩‌⬛‌⬜‌⬜‌⬜‌⬛‌
⬛‌⬜‌⬛‌⬜‌⬛‌⬜‌⬛‌⬜‌⬜‌⬜‌⬛‌⬛‌⬜‌⬛‌🟩‌⬛‌⬛‌⬛‌⬜‌⬛‌
⬛‌⬜‌⬛‌⬜‌⬛‌⬜‌⬛‌⬛‌⬛‌⬛‌⬛‌⬜‌⬜‌⬛‌🟩‌🟩‌🟩‌⬛‌⬜‌⬛‌
⬛‌⬜‌⬛‌⬛‌⬛‌⬜‌⬜‌🟪‌🟪‌🟪‌🟪‌🟪‌⬛‌⬛‌🟩‌⬛‌🟩‌⬛‌⬜‌⬛‌
⬛‌⬜‌⬜‌⬜‌⬜‌⬜‌⬛‌⬛‌⬛‌⬛‌⬛‌🟦‌⬛‌⬛‌🟩‌⬛‌🟩‌⬛‌⬜‌⬛‌
⬛‌⬜‌⬛‌⬛‌⬛‌⬜‌⬛‌🟩‌🟩‌🟩‌🟩‌🟩‌🟩‌🟩‌🟩‌⬛‌🟩‌🟥‌⬜‌⬛‌
⬛‌⬛‌⬛‌⬛‌⬛‌⬛‌⬛‌⬛‌⬛‌⬛‌⬛‌⬛‌⬛‌⬛‌⬛‌⬛‌⬛‌⬛‌⬛‌⬛‌

Abertos: [(18, 18), (10, 16), (7, 11), (10, 7), (10, 18), ]
Fechados: [(17, 18), (16, 18), (14, 18), (13, 18), (12, 18), (13, 8), (11, 18), (12, 8), (14, 10), (10, 8), (14, 12), (12, 12), (14, 14), (8, 10), (11, 16), (12, 14), (14, 16), (16, 16), (12, 9), (14, 11), (11, 9), (10, 9), (12, 11), (9, 9), (14, 13), (11, 11), (8, 9), (10, 11), (12, 13), (11, 17), (9, 11), (8, 11), (11, 15), (12, 15), (14, 17), (14, 15), (16, 17), (15, 15), (16, 15), ]
Arvore: [[(17, 18), None, 61.6], [(16, 18), (17, 18), 41.3], [(14, 18), (14, 17), 57.7], [(13, 18), (14, 18), 79.0], [(12, 18), (13, 18), 56.3], [(13, 8), (12, 8), 63.6], [(11, 18), (12, 18), 44.599999999999994], [(12, 8), (12, 9), 64.3], [(14, 10), (14, 11), 72.3], [(10, 8), (10, 9), 65.7], [(14, 12), (14, 13), 69.7], [(12, 12), (12, 13), 62.7], [(14, 14), (14, 15), 67.1], [(8, 10), (8, 11), 50.5], [(11, 16), (11, 17), 49.2], [(12, 14), (12, 15), 60.099999999999994], [(14, 16), (14, 15), 63.099999999999994], [(16, 16), (16, 17), 47.900000000000006], [(12, 9), (11, 9), 61.0], [(14, 11), (14, 12), 71.0], [(11, 9), (10, 9), 59.7], [(10, 9), (9, 9), 58.400000000000006], [(12, 11), (12, 12), 64.0], [(9, 9), (8, 9), 57.099999999999994], [(14, 13), (14, 14), 68.4], [(11, 11), (12, 11), 59.3], [(8, 9), (8, 10), 55.8], [(10, 11), (11, 11), 54.599999999999994], [(12, 13), (12, 14), 61.400000000000006], [(11, 17), (11, 18), 46.900000000000006], [(9, 11), (10, 11), 49.900000000000006], [(8, 11), (9, 11), 45.2], [(11, 15), (11, 16), 51.5], [(12, 15), (11, 15), 58.8], [(14, 17), (14, 16), 60.400000000000006], [(14, 15), (15, 15), 65.8], [(16, 17), (16, 18), 44.599999999999994], [(15, 15), (16, 15), 58.5], [(16, 15), (16, 16), 51.2], [(18, 18), (17, 18), 19.299999999999997], [(10, 16), (11, 16), 39.5], [(7, 11), (8, 11), 40.5], [(10, 7), (10, 8), 57.0], [(10, 18), (11, 18), 32.900000000000006], ]

⬛‌⬛‌⬛‌⬛‌⬛‌⬛‌⬛‌⬛‌⬛‌⬛‌⬛‌⬛‌⬛‌⬛‌⬛‌⬛‌⬛‌⬛‌⬛‌⬛‌
⬛‌⬜‌⬛‌⬜‌⬜‌⬜‌⬛‌⬜‌⬜‌⬜‌⬜‌⬜‌⬜‌⬛‌⬜‌⬜‌⬜‌⬜‌⬜‌⬛‌
⬛‌⬜‌⬛‌⬛‌⬛‌⬜‌⬛‌⬜‌⬛‌⬛‌⬜‌⬛‌⬜‌⬛‌⬜‌⬜‌⬛‌⬜‌⬜‌⬛‌
⬛‌⬜‌⬛‌⬜‌⬛‌⬜‌⬜‌⬜‌⬜‌⬛‌⬜‌⬛‌⬜‌⬛‌⬛‌⬛‌⬛‌⬜‌⬛‌⬛‌
⬛‌⬜‌⬛‌⬜‌⬛‌⬛‌⬛‌⬛‌⬜‌⬛‌⬜‌⬛‌⬜‌⬜‌⬜‌⬜‌⬜‌⬜‌⬜‌⬛‌
⬛‌⬜‌⬜‌⬜‌⬜‌⬜‌⬜‌⬛‌⬜‌⬛‌⬜‌⬛‌⬛‌⬛‌⬜‌⬛‌⬛‌⬛‌⬛‌⬛‌
⬛‌⬛‌⬛‌⬛‌⬛‌⬜‌⬛‌⬛‌⬜‌⬛‌⬜‌⬜‌⬜‌⬛‌⬜‌⬜‌⬜‌⬜‌⬜‌⬛‌
⬛‌⬜‌⬜‌⬜‌⬛‌⬜‌⬛‌⬜‌⬜‌⬛‌🟦‌⬛‌⬛‌⬛‌⬛‌⬛‌⬛‌⬜‌⬛‌⬛‌
⬛‌⬜‌⬛‌⬛‌⬛‌⬜‌⬛‌⬛‌⬛‌⬛‌🟩‌⬛‌🟩‌🟥‌⬜‌⬜‌⬜‌⬜‌⬜‌⬛‌
⬛‌⬜‌⬜‌⬜‌⬛‌⬜‌⬜‌⬛‌🟩‌🟩‌🟩‌🟩‌🟩‌⬛‌⬛‌⬛‌⬜‌⬛‌⬛‌⬛‌
⬛‌⬜‌⬛‌⬜‌⬛‌⬜‌⬛‌⬛‌🟩‌⬛‌⬛‌⬛‌⬛‌⬛‌🟩‌⬛‌⬜‌⬛‌⬜‌⬛‌
⬛‌⬜‌⬛‌⬛‌⬛‌⬜‌⬛‌🟦‌🟩‌🟩‌🟩‌🟩‌🟩‌⬛‌🟩‌⬛‌⬜‌⬛‌⬜‌⬛‌
⬛‌⬜‌⬜‌⬜‌⬜‌⬜‌⬛‌⬜‌⬛‌⬛‌⬛‌⬛‌🟩‌⬛‌🟩‌⬛‌⬜‌⬛‌⬜‌⬛‌
⬛‌⬛‌⬛‌⬜‌⬛‌⬜‌⬛‌⬜‌⬛‌⬜‌⬜‌⬛‌🟩‌⬛‌🟩‌⬛‌⬜‌⬜‌⬜‌⬛‌
⬛‌⬜‌⬛‌⬜‌⬛‌⬜‌⬛‌⬜‌⬜‌⬜‌⬛‌⬛‌🟩‌⬛‌🟩‌⬛‌⬛‌⬛‌⬜‌⬛‌
⬛‌⬜‌⬛‌⬜‌⬛‌⬜‌⬛‌⬛‌⬛‌⬛‌⬛‌🟩‌🟩‌⬛‌🟩‌🟩‌🟩‌⬛‌⬜‌⬛‌
⬛‌⬜‌⬛‌⬛‌⬛‌⬜‌⬜‌🟪‌🟪‌🟪‌🟦‌🟩‌⬛‌⬛‌🟩‌⬛‌🟩‌⬛‌⬜‌⬛‌
⬛‌⬜‌⬜‌⬜‌⬜‌⬜‌⬛‌⬛‌⬛‌⬛‌⬛‌🟩‌⬛‌⬛‌🟩‌⬛‌🟩‌⬛‌⬜‌⬛‌
⬛‌⬜‌⬛‌⬛‌⬛‌⬜‌⬛‌⬜‌⬜‌⬜‌🟦‌🟩‌🟩‌🟩‌🟩‌⬛‌🟩‌🟩‌🟦‌⬛‌
⬛‌⬛‌⬛‌⬛‌⬛‌⬛‌⬛‌⬛‌⬛‌⬛‌⬛‌⬛‌⬛‌⬛‌⬛‌⬛‌⬛‌⬛‌⬛‌⬛‌

custo: 53
